(START) |- 0
4 6 0
36 6 0
0 1 1
5 6 1
37 6 1
8 3 2
6 6 2
38 6 2
2 1 3
9 3 3
7 6 3
39 6 3
16 5 4
4 1 5
17 5 5
12 3 6
18 5 6
6 1 7
13 3 7
19 5 7
1 2 8
12 6 8
44 6 8
8 1 9
13 6 9
45 6 9
3 2 10
14 6 10
46 6 10
10 1 11
15 6 11
47 6 11
5 2 12
24 5 12
12 1 13
25 5 13
7 2 14
26 5 14
14 1 15
27 5 15
2 4 16
20 6 16
52 6 16
16 1 17
3 4 17
21 6 17
53 6 17
24 3 18
22 6 18
54 6 18
18 1 19
25 3 19
23 6 19
55 6 19
6 4 20
20 1 21
7 4 21
28 3 22
22 1 23
29 3 23
17 2 24
10 4 24
28 6 24
60 6 24
24 1 25
11 4 25
29 6 25
61 6 25
19 2 26
30 6 26
62 6 26
26 1 27
31 6 27
63 6 27
21 2 28
14 4 28
28 1 29
15 4 29
23 2 30
30 1 31
40 3 34
34 1 35
41 3 35
48 5 36
36 1 37
49 5 37
44 3 38
50 5 38
38 1 39
45 3 39
51 5 39
4 8 40
40 1 41
5 8 41
35 2 42
6 8 42
42 1 43
7 8 43
37 2 44
56 5 44
44 1 45
57 5 45
39 2 46
58 5 46
46 1 47
59 5 47
34 4 48
48 1 49
35 4 49
56 3 50
50 1 51
57 3 51
38 4 52
52 1 53
39 4 53
60 3 54
54 1 55
61 3 55
49 2 56
42 4 56
20 8 56
56 1 57
43 4 57
21 8 57
51 2 58
22 8 58
58 1 59
23 8 59
53 2 60
46 4 60
60 1 61
47 4 61
55 2 62
62 1 63
36 8 72
0 -| (FINAL)
8 -| (FINAL)
40 -| (FINAL)
72 -| (FINAL)
