(START) |- 0
0 11 1
0 101 12
0 201 36
1 10 3
1 12 8
1 101 13
1 201 37
2 13 0
2 101 14
2 201 38
3 11 4
3 101 15
3 201 39
4 12 11
4 101 16
4 201 40
5 13 3
5 101 17
5 201 41
6 11 7
6 101 18
6 201 42
7 10 9
7 101 19
7 201 43
8 13 6
8 101 20
8 201 44
9 11 10
9 101 21
9 201 45
10 101 22
10 201 46
11 13 9
11 101 23
11 201 47
12 11 13
12 201 48
13 10 15
13 12 20
13 201 49
14 13 12
14 201 50
15 11 16
15 14 24
15 201 51
16 12 23
16 14 25
16 201 52
17 13 15
17 14 26
17 201 53
18 11 19
18 201 54
19 10 21
19 201 55
20 13 18
20 201 56
21 11 22
21 14 30
21 201 57
22 14 31
22 201 58
23 13 21
23 14 32
23 201 59
24 11 25
24 100 0
24 201 60
25 10 27
25 12 32
25 100 1
25 201 61
26 13 24
26 100 2
26 201 62
27 11 28
27 100 3
27 201 63
28 12 35
28 100 4
28 201 64
29 13 27
29 100 5
29 201 65
30 11 31
30 100 6
30 201 66
31 10 33
31 100 7
31 201 67
32 13 30
32 100 8
32 201 68
33 11 34
33 100 9
33 201 69
34 100 10
34 201 70
35 13 33
35 100 11
35 201 71
36 11 37
36 101 48
37 10 39
37 12 44
37 101 49
38 13 36
38 101 50
39 11 40
39 101 51
40 12 47
40 101 52
41 13 39
41 101 53
42 11 43
42 16 72
42 101 54
43 10 45
43 16 73
43 101 55
44 13 42
44 16 74
44 101 56
45 11 46
45 16 75
45 101 57
46 16 76
46 101 58
47 13 45
47 16 77
47 101 59
48 11 49
49 10 51
49 12 56
50 13 48
51 11 52
51 14 60
52 12 59
52 14 61
53 13 51
53 14 62
54 11 55
54 16 84
55 10 57
55 16 85
56 13 54
56 16 86
57 11 58
57 14 66
57 16 87
58 14 67
58 16 88
59 13 57
59 14 68
59 16 89
60 11 61
60 100 36
61 10 63
61 12 68
61 100 37
62 13 60
62 100 38
63 11 64
63 100 39
64 12 71
64 100 40
65 13 63
65 100 41
66 11 67
66 16 96
66 100 42
67 10 69
67 16 97
67 100 43
68 13 66
68 16 98
68 100 44
69 11 70
69 16 99
69 100 45
70 16 100
70 100 46
71 13 69
71 16 101
71 100 47
72 11 73
72 101 84
72 200 0
73 10 75
73 12 80
73 101 85
73 200 1
74 13 72
74 101 86
74 200 2
75 11 76
75 101 87
75 200 3
76 12 83
76 101 88
76 200 4
77 13 75
77 101 89
77 200 5
78 11 79
78 101 90
78 200 6
79 10 81
79 101 91
79 200 7
80 13 78
80 101 92
80 200 8
81 11 82
81 101 93
81 200 9
82 101 94
82 200 10
83 13 81
83 101 95
83 200 11
84 11 85
84 200 12
85 10 87
85 12 92
85 200 13
86 13 84
86 200 14
87 11 88
87 14 96
87 200 15
88 12 95
88 14 97
88 200 16
89 13 87
89 14 98
89 200 17
90 11 91
90 200 18
91 10 93
91 200 19
92 13 90
92 200 20
93 11 94
93 14 102
93 200 21
94 14 103
94 200 22
95 13 93
95 14 104
95 200 23
96 11 97
96 100 72
96 200 24
97 10 99
97 12 104
97 100 73
97 200 25
98 13 96
98 100 74
98 200 26
99 11 100
99 100 75
99 200 27
100 12 107
100 100 76
100 200 28
101 13 99
101 100 77
101 200 29
102 11 103
102 100 78
102 200 30
103 10 105
103 100 79
103 200 31
104 13 102
104 100 80
104 200 32
105 11 106
105 100 81
105 200 33
106 100 82
106 200 34
107 13 105
107 100 83
107 200 35
0 -| (FINAL)
