(START) |- 0
0 11 1
0 91 2
1 21 8
1 31 4
1 61 16
1 91 3
1 121 8
1 141 0
2 11 3
2 81 0
2 101 32
3 21 10
3 31 6
3 61 18
3 81 1
3 101 33
3 121 10
3 141 2
4 11 5
4 51 1
4 91 6
5 21 12
5 61 20
5 91 7
5 121 12
5 141 4
6 11 7
6 51 3
6 81 4
6 101 36
7 21 14
7 61 22
7 81 5
7 101 37
7 121 14
7 141 6
8 11 9
8 41 1
8 91 10
8 131 1
9 31 12
9 61 24
9 91 11
9 141 8
10 11 11
10 41 3
10 81 8
10 101 40
10 131 3
11 31 14
11 61 26
11 81 9
11 101 41
11 141 10
12 11 13
12 41 5
12 51 9
12 91 14
12 131 5
13 61 28
13 91 15
13 141 12
14 11 15
14 41 7
14 51 11
14 81 12
14 101 44
14 131 7
15 61 30
15 81 13
15 101 45
15 141 14
16 11 17
16 71 2
16 91 18
17 21 24
17 31 20
17 71 3
17 91 19
17 121 24
17 141 16
18 11 19
18 81 16
18 101 48
19 21 26
19 31 22
19 81 17
19 101 49
19 121 26
19 141 18
20 11 21
20 51 17
20 71 6
20 91 22
21 21 28
21 71 7
21 91 23
21 121 28
21 141 20
22 11 23
22 51 19
22 81 20
22 101 52
23 21 30
23 81 21
23 101 53
23 121 30
23 141 22
24 11 25
24 41 17
24 71 10
24 91 26
24 131 17
25 31 28
25 71 11
25 91 27
25 141 24
26 11 27
26 41 19
26 81 24
26 101 56
26 131 19
27 31 30
27 81 25
27 101 57
27 141 26
28 11 29
28 41 21
28 51 25
28 71 14
28 91 30
28 131 21
29 71 15
29 91 31
29 141 28
30 11 31
30 41 23
30 51 27
30 81 28
30 101 60
30 131 23
31 81 29
31 101 61
31 141 30
32 11 33
32 91 34
32 111 1
33 21 40
33 31 36
33 61 48
33 91 35
33 121 40
33 141 32
34 11 35
34 81 32
34 111 3
35 21 42
35 31 38
35 61 50
35 81 33
35 121 42
35 141 34
36 11 37
36 51 33
36 91 38
36 111 5
37 21 44
37 61 52
37 91 39
37 121 44
37 141 36
38 11 39
38 51 35
38 81 36
38 111 7
39 21 46
39 61 54
39 81 37
39 121 46
39 141 38
40 11 41
40 41 33
40 91 42
40 111 9
40 131 33
41 31 44
41 61 56
41 91 43
41 141 40
42 11 43
42 41 35
42 81 40
42 111 11
42 131 35
43 31 46
43 61 58
43 81 41
43 141 42
44 11 45
44 41 37
44 51 41
44 91 46
44 111 13
44 131 37
45 61 60
45 91 47
45 141 44
46 11 47
46 41 39
46 51 43
46 81 44
46 111 15
46 131 39
47 61 62
47 81 45
47 141 46
48 11 49
48 71 34
48 91 50
48 111 17
49 21 56
49 31 52
49 71 35
49 91 51
49 121 56
49 141 48
50 11 51
50 81 48
50 111 19
51 21 58
51 31 54
51 81 49
51 121 58
51 141 50
52 11 53
52 51 49
52 71 38
52 91 54
52 111 21
53 21 60
53 71 39
53 91 55
53 121 60
53 141 52
54 11 55
54 51 51
54 81 52
54 111 23
55 21 62
55 81 53
55 121 62
55 141 54
56 11 57
56 41 49
56 71 42
56 91 58
56 111 25
56 131 49
57 31 60
57 71 43
57 91 59
57 141 56
58 11 59
58 41 51
58 81 56
58 111 27
58 131 51
59 31 62
59 81 57
59 141 58
60 11 61
60 41 53
60 51 57
60 71 46
60 91 62
60 111 29
60 131 53
61 71 47
61 91 63
61 141 60
62 11 63
62 41 55
62 51 59
62 81 60
62 111 31
62 131 55
63 81 61
63 141 62
0 -| (FINAL)
