(START) |- 0
0 11 6
0 91 1
1 11 7
1 101 2
2 11 8
2 111 3
3 11 9
3 121 4
4 11 10
4 131 5
5 11 11
5 141 0
6 21 12
6 31 18
6 91 7
7 21 13
7 31 19
7 101 8
8 21 14
8 31 20
8 111 9
9 21 15
9 31 21
9 121 10
10 21 16
10 31 22
10 131 11
11 21 17
11 31 23
11 141 6
12 41 24
12 91 13
13 41 25
13 101 14
14 41 26
14 111 15
15 41 27
15 121 16
16 41 28
16 131 17
17 41 29
17 141 12
18 51 24
18 91 19
19 51 25
19 101 20
20 51 26
20 111 21
21 51 27
21 121 22
22 51 28
22 131 23
23 51 29
23 141 18
24 61 30
24 91 25
25 61 31
25 101 26
26 61 32
26 111 27
27 61 33
27 121 28
28 61 34
28 131 29
29 61 35
29 141 24
30 71 36
30 91 31
31 71 37
31 101 32
32 71 38
32 111 33
33 71 39
33 121 34
34 71 40
34 131 35
35 71 41
35 141 30
36 81 0
36 91 37
37 81 1
37 101 38
38 81 2
38 111 39
39 81 3
39 121 40
40 81 4
40 131 41
41 81 5
41 141 36
0 -| (FINAL)
