(START) |- 0
0 11 1
0 91 2
1 21 3
1 31 4
1 91 5
2 11 5
2 101 6
3 41 7
3 91 8
4 51 7
4 91 9
5 21 8
5 31 9
5 101 10
6 11 10
6 111 11
7 61 12
7 91 13
8 41 13
8 101 14
9 51 13
9 101 15
10 21 14
10 31 15
11 121 16
12 71 17
12 91 18
13 61 18
13 101 19
14 41 19
15 51 19
15 111 20
16 11 21
16 131 22
17 81 0
18 101 23
19 61 23
20 121 24
21 31 24
22 141 0
23 71 25
23 111 26
24 51 27
24 131 28
25 81 6
25 111 29
26 71 29
26 121 30
27 61 30
28 141 4
29 81 11
29 121 31
30 71 31
30 131 32
31 81 16
32 71 33
32 141 12
33 81 22
33 141 17
31 131 33
0 -| (FINAL)
